0	-5	0	0	0	0	0	1.95573753405937	-1.8209273904508
0.05	-4.99995905773084	-3.77237538249726e-05	0.00245945214747718	-0.00225961631727104	0.0985771978925585	-0.0900934045978835	1.98045995834953	-1.78553022278051
0.1	-4.99967158058855	-0.000300370069024765	0.0098654934451431	-0.00898422377252758	0.197672140229827	-0.178650646016969	1.98166310886851	-1.75651961938333
0.15	-4.99888994730207	-0.00100932219647519	0.0222248410861199	-0.0200989161879402	0.296671134310083	-0.265649807977777	1.97800763827561	-1.72196585040347
0.2	-4.99736668475035	-0.0023819869861142	0.0395286611218484	-0.0355161974098245	0.395426196657854	-0.350661460444681	1.97119172883244	-1.67630239698287
0.25	-4.9948549733309	-0.00463075621677128	0.0617579279629369	-0.055121068209557	0.49358497708331	-0.433026594627953	1.95172992483717	-1.61541563358981
0.3	-4.99110963485196	-0.00796136196325839	0.0888600100088391	-0.0787603945117143	0.590076782487917	-0.511876237698052	1.9007295691103	-1.53491015294144
0.35	-4.98588989149512	-0.0125706996580087	0.120702300110712	-0.106231937827319	0.682729677581782	-0.586113164939513	1.79415671678953	-1.43016513602359
0.4	-4.97896480771331	-0.0186440873551657	0.157014074009235	-0.137273038505627	0.768224320190361	-0.65442501397025	1.61203523907321	-1.29744000539265
0.419660468167632	-4.97572735191533	-0.0214710429802795	0.172423422192571	-0.150386285251892	0.799014113575227	-0.679348541520071	1.51805772488638	-1.23719892059656
0.45	-4.97012148521794	-0.0263520021632755	0.197339060975505	-0.171551613155183	0.842590294938736	-0.715368272233674	1.35018695295726	-1.13552387221448
0.5	-4.95917477119803	-0.035846506920837	0.241026828097237	-0.208663483915849	0.902235004099646	-0.767537836455791	1.02868877830014	-0.947415853121941
0.55	-4.94597597555362	-0.0472577882909697	0.287282823163987	-0.248140112636931	0.945182960856057	-0.809808827654596	0.691011026919691	-0.741425773452144
0.6	-4.93041761633591	-0.0606914013259376	0.335274367263881	-0.289469352917015	0.971974956881529	-0.841605164932848	0.391320592403239	-0.531037668917556
0.65	-4.91243205913376	-0.0762268759301402	0.384261617359269	-0.3321287644494	0.985698683022703	-0.863118657475959	0.173612037201671	-0.333000270189959
0.7	-4.89198401489341	-0.0939182129200949	0.433703409270958	-0.375626678859602	0.990966589829536	-0.875383744332413	0.0524778268166331	-0.163481033522908
0.75	-4.86905936982691	-0.113796437803209	0.483292533398309	-0.419541500651776	0.992231538852037	-0.880119937527918	0.00774273945078675	-0.032768336061694
0.8	-4.84365436308871	-0.135873808997597	0.532908622435865	-0.463546279595747	0.992352700423174	-0.879299267856555	9.59763922273801e-05	0.0601267532715869
0.839320936335264	-4.82193274111091	-0.154779882759442	0.571928832664407	-0.498059656072539	0.99235028761738	-0.875805265962234	-0.000108538613670683	0.116232968670998
0.85	-4.81576849171241	-0.160148609200174	0.582526198456357	-0.50740573006061	0.992349151208484	-0.874542083820459	-0.000104397451778237	0.120295721808027
0.9	-4.78540174744493	-0.186609474519141	0.632143531733541	-0.550975097901305	0.992344281540934	-0.86808868427129	-9.21088644595853e-05	0.137680765403209
0.95	-4.75255414239351	-0.215240378143896	0.681760633075781	-0.594199854385173	0.992339806678472	-0.86074200181765	-8.79135517749771e-05	0.156895746929088
1	-4.71722568781045	-0.246022910099699	0.731377513627972	-0.637031121029078	0.992335409303128	-0.852299499318334	-8.86179785757616e-05	0.182035798656577
1.05	-4.67941639472957	-0.278935887796227	0.780994171989689	-0.679405537574119	0.992330893013101	-0.842397849071373	-9.24615370918371e-05	0.215577053018995
1.1	-4.6391262744686	-0.313954460879353	0.83061059874198	-0.721238952994912	0.99232612661036	-0.830577333876747	-9.85085889668033e-05	0.258959549279809
1.15	-4.59635533896327	-0.351048971206869	0.880226778884681	-0.762422780268858	0.992321015083841	-0.816326960838027	-0.000106182680853044	0.312812997973925
1.2	-4.55110360100688	-0.390183683387026	0.929842693322304	-0.80282241211798	0.992315488351878	-0.799123209586508	-0.000115070264967217	0.377010742560135
1.25	-4.5033710744279	-0.431315483825846	0.9794583198602	-0.842277537367441	0.992309490537695	-0.778467709218735	-0.000124952807160172	0.450674908089334
1.2589814045029	-4.49453414044511	-0.438911662043168	0.988370647723209	-0.84925090473974	0.992308360326069	-0.774356781263595	-0.000126713378405242	0.464797725226362
1.3	-4.45315777422686	-0.474392642527402	1.02907363402476	-0.880604329065691	0.992302991371507	-0.753924189499654	-0.000135086526834114	0.532210085505491
1.35	-4.40046371665416	-0.519353729458042	1.07868861045809	-0.91759941097446	0.992295980341642	-0.725152051779969	-0.000145363460129434	0.619410179056961
1.4	-4.34528891923839	-0.566126768496825	1.12830322342727	-0.953045330601201	0.99228845021105	-0.691932255637481	-0.00015597456843268	0.709661583445577
1.45	-4.28763340081424	-0.61462869261111	1.1779174460671	-0.986717028186357	0.992280350589507	-0.654180356562265	-0.000168627301026242	0.80025609149045
1.5	-4.22749718167172	-0.664765131632792	1.22753124573545	-1.01838851582895	0.99227147341504	-0.611940812898593	-0.000188342176604882	0.888831488744571
1.55	-4.16488028412625	-0.716430516905405	1.27714457072568	-1.0478386569199	0.992261206901762	-0.565355289540513	-0.000227066443593559	0.973981147491267
1.6	-4.09978273415064	-0.769508421420248	1.3267573189586	-1.07485450346214	0.992248032185351	-0.514594521128924	-0.000310744704296485	1.05612281779142
1.65	-4.03220456537712	-0.823871961640139	1.37636927032932	-1.09922998363653	0.992228518712755	-0.459736871051141	-0.000492890756985432	1.13880005511078
1.67864187267053	-3.99237578333737	-0.855540032916451	1.40478832828234	-1.11192380568117	0.992211926926425	-0.426403604434633	-0.000678701998148494	1.18946776822386
1.7	-3.96214582798123	-0.879383959547203	1.42597996427952	-1.12075815284398	0.992197723756186	-0.400786940495999	-0.00065364047030487	1.20860091116154
1.75	-3.88960659754175	-0.935897482652737	1.47558887069234	-1.13927198188405	0.992147892960976	-0.339505155805218	-0.00215142941821266	1.2400731259785
1.8	-3.814587060856	-0.993259512722713	1.52518932120822	-1.15468810628101	0.991729863553323	-0.276979018800621	-0.0195820386555429	1.259444936775
1.85	-3.73708858426327	-1.05131383147074	1.57473051981629	-1.16695712901194	0.989365341048356	-0.213682140809002	-0.0865434472083922	1.27145276705182
1.9	-3.65711779396696	-1.10990225864939	1.62403749999225	-1.17604854458946	0.981653938609531	-0.149916053731954	-0.23794218747651	1.27848205402511
1.95	-3.57469495236924	-1.16886542377871	1.6727293153709	-1.18194454969325	0.963956882034458	-0.0858976769277519	-0.484943828252898	1.28166650846795
2	-3.48986522159181	-1.22804331779791	1.7201935096592	-1.1846370841604	0.931946358986534	-0.0218051374512769	-0.803815670413623	1.28149677238872
2.05	-3.40270914026866	-1.28727574311334	1.76564351950254	-1.18412653874081	0.883204998975398	0.0421989945039659	-1.14474932948167	1.27814158250755
2.09830234083816	-3.31641709039044	-1.34439861770227	1.80684780889097	-1.18059934569807	0.820482887691461	0.103797080991157	-1.44365615175114	1.2718810712025
2.1	-3.31334849749782	-1.34640272238684	1.80823862429042	-1.18042130095382	0.818024017423926	0.105956068815222	-1.45310710681365	1.27160626776448
2.15	-3.22194567212594	-1.40526489641929	1.84721608916481	-1.17353772816589	0.739096641331805	0.16930514502003	-1.69026313997682	1.26179962937117
2.2	-3.12869713948042	-1.46370392739304	1.88198551947469	-1.16350037397559	0.650400603148793	0.232078582342216	-1.84407691153569	1.24854170638546
2.25	-3.0338238058926	-1.5215629190695	1.91215981530733	-1.15034244841245	0.55589013462027	0.294096611372637	-1.92623200033546	1.23151272348008
2.3	-2.93756131834867	-1.57868686824743	1.93752846077828	-1.13410664647295	0.458572162193729	0.35515726495923	-1.96065746352906	1.21010962215791
2.35	-2.84015260415753	-1.63492317395335	1.95800045321583	-1.11484671984942	0.360226252849911	0.415015302027237	-1.97066053519261	1.18313139411677
2.4	-2.74184336529017	-1.69012225948288	1.97354767305193	-1.09263060848722	0.261659125069359	0.47333826502814	-1.97115831069924	1.14814768955433
2.45	-2.64287996126023	-1.744138421562	1.98416772751749	-1.06754676126363	0.16317047631336	0.529618185783389	-1.9678577055451	1.10030432884185
2.5	-2.54350857850083	-1.79683113504556	1.98986895404317	-1.03971671404241	0.0649394327608367	0.583001611437904	-1.96049827135242	1.03016835152551
2.51796280900579	-2.50775635864636	-1.81541232402321	1.99071937179042	-1.02907990577171	0.0297596852343033	0.60121219015267	-1.95627909476577	0.996487259773172
2.55	-2.44397242793474	-1.84806730116921	1.99094999830997	-1.00932537819235	-0.00792893566273085	0.631471589639648	-0.556882121811085	0.89508011065749
2.6	-2.34444036794291	-1.8977263203715	1.99031406649457	-0.976691406366356	-0.011135743978682	0.672768766296685	0.226518573793441	0.76064982168614
2.65	-2.24493310024091	-1.94570471067472	1.99009158497945	-0.942152056324352	0.00233821840132957	0.707838943596145	0.248037901920383	0.644612379618024
2.7	-2.14542120669018	-1.99191464046018	1.99045527384537	-0.905998498941784	0.0108548193878839	0.737445089772369	0.0888373428791193	0.541597659504228
2.75	-2.04588376741607	-2.03628197043324	1.99105110073531	-0.86848858821415	0.0119772426683843	0.762187804003644	-0.0308677608036674	0.449972081940176
2.8	-1.94631721525351	-2.0787447271555	1.99158639847554	-0.829851418028243	0.00908348440021053	0.7826286842637	-0.0735644583919877	0.369535456133313
2.85	-1.84672808909778	-2.11925169147319	1.99194815023244	-0.790288064610139	0.00544985504171699	0.799328829718351	-0.0665518298687008	0.300337305993429
2.9	-1.74712514044746	-2.15776099654867	1.99214683246518	-0.749971567447121	0.00269761235821377	0.812846332853219	-0.0428469567002814	0.242159858082384
2.93762327717342	-1.67217247967066	-2.18540002446956	1.99222214828938	-0.719227271557251	0.00141072145168669	0.821245604480383	-0.026202230912418	0.205284813919961
2.95	-1.64751519819307	-2.19423873652507	1.99223772019435	-0.709047501493714	0.00111491223944373	0.823718244859393	-0.0216880620193281	0.194375871959503
3	-1.547902290258	-2.22865762808106	1.9922725854158	-0.667635534091854	0.000386543086020025	0.83244079675269	-0.00883314251751862	0.155996684043967
3.05	-1.44828832225455	-2.26099577301712	1.99228391478402	-0.625831869635108	0.00011572244429546	0.839454314854561	-0.00288571639829042	0.125798460064269
3.1	-1.3486740267467	-2.29123555915363	1.99228725464814	-0.583712280146577	3.56344526452264e-05	0.845134958387255	-0.000715995970347816	0.1024597632579
3.15	-1.24905962958618	-2.3193627203235	1.99228850548298	-0.541335385954061	1.98218182889642e-05	0.849792735480612	-4.9371308724795e-05	0.0846701692904037
3.2	-1.14944517916762	-2.34536556086778	1.99228954023296	-0.498745920481447	2.30817688101327e-05	0.853673658060192	0.000135899500931964	0.0711832003712502
3.25	-1.04983067030234	-2.36923433995106	1.99229087417778	-0.455977851776704	3.01162574528762e-05	0.856962651349515	0.000117148105695232	0.060789200197796
3.3	-0.950216087198222	-2.39096080940499	1.99229246808543	-0.413057435093356	3.217014415273e-05	0.859782473091929	-5.85377366470628e-05	0.0521764206314693
3.35	-0.850601426176476	-2.41053790919139	1.99229389131178	-0.370006553984042	2.23187839857443e-05	0.862181914314999	-0.000350459627265664	0.043630869652026
3.35728374534105	-0.83609006425894	-2.41321006927171	1.99229404414798	-0.363725495183928	1.95881428949643e-05	0.862494720380957	-0.00039954513829367	0.0422511675722785
3.4	-0.75098671168967	-2.42795966395628	1.99229453059529	-0.326848115867646	3.61234381201853e-06	0.864047092951501	-0.00034055330117691	0.0311705662110718
3.45	-0.651371987220647	-2.44322141208263	1.99229432755149	-0.283610762944942	-1.08451865573898e-05	0.865375624568755	-0.000234485373075721	0.0225686254354155
3.5	-0.551757288695995	-2.45631979427057	1.99229353920562	-0.240316424612656	-1.97581945432452e-05	0.866349310873845	-0.000123124832978177	0.0167178344615798
3.55	-0.452142638459024	-2.46725235476619	1.99229244019501	-0.196979970577342	-2.33829169401334e-05	0.867073236401704	-2.49221793116819e-05	0.0124334951720129
3.6	-0.352528045758488	-2.47601727141735	1.99229127453366	-0.153612247396354	-2.25964016014786e-05	0.867607569028336	5.27178898988711e-05	0.00905283470842659
3.65	-0.252913508854983	-2.48261320122367	1.99229023608213	-0.110221783768746	-1.84771613836466e-05	0.867987229121379	0.000108487343356166	0.006199606467563
3.7	-0.15329901767238	-2.48703919085274	1.99228946460887	-0.066815758523482	-1.20867312850809e-05	0.86823255846638	0.000143930458104082	0.00365059833755111
3.75	-0.0536845564347248	-2.48929462463978	1.99228904918695	-0.0234005739169084	-4.38633368558137e-06	0.86835492785934	0.000161213447220582	0.00126109377485684
3.77694421350869	-3.89598596058083e-06	-2.48960992284156	1.99228898994961	-3.12826242494976e-06	-5.39178517491492e-11	0.868371916109838	0.000163589169790386	1.1870338328351e-06
3.8	0.0459298939290982	-2.48937919559153	1.99228903335106	0.0200177741777622	3.75829490419518e-06	0.868359530704781	0.00016185362686431	-0.00107634185103708
3.85	0.145544353609872	-2.48729289216097	1.99228941870452	0.0634334222588415	1.15230410774436e-05	0.868246558531204	0.000145893090813095	-0.00345814596086431
3.9	0.245158841841073	-2.48303599776406	1.99229016505341	0.106840394010747	1.80483729788251e-05	0.868011229883532	0.000111949324927312	-0.0059902190978105
3.95	0.344773374737694	-2.47660910294928	1.99229118706902	0.150232330383001	2.23815676558376e-05	0.867642730437754	5.78360249690781e-05	-0.0088130304680737
4	0.444387962912034	-2.46801313297179	1.99229234910218	0.193602130262433	2.34668726865883e-05	0.867121575060098	-1.80992538733977e-05	-0.012141583016102
4.05	0.544002608849684	-2.45724939759463	1.99229346148908	0.236941398438472	2.02213454650552e-05	0.866414280000344	-0.00011486543133847	-0.0163363965904937
4.1	0.643617304244347	-2.4443196768767	1.99229428367892	0.280239518120841	1.1740488973835e-05	0.865463202458831	-0.000225680330927536	-0.0220311799580017
4.15	0.74323202781893	-2.42922636912608	1.99229454217279	0.323482020394869	-2.30142426449935e-06	0.8641677684982	-0.000333192608385908	-0.0303580944691297
4.19660468167632	0.836082272296636	-2.41321266387736	1.99229404428126	0.363719471209402	-1.95872133368271e-05	0.86249598787705	-0.000399545784342426	-0.0422460238935964
4.2	0.842846744655878	-2.41197274926144	1.99229397551787	0.366647674875568	-2.09045650763123e-05	0.862351441663709	-0.00037648301988635	-0.0428962328653816
4.25	0.942461411142861	-2.39256336700391	1.99229259289056	0.409707892245494	-3.1904343649333e-05	0.859985673612177	-7.77875211395595e-05	-0.0515301797730004
4.3	1.04207600046936	-2.37100410704438	1.99229099236457	0.452639294378703	-3.05559972770624e-05	0.857199504600908	0.000108746961856102	-0.0600674606288539
4.35	1.14169051458519	-2.34730194390073	1.99228963123694	0.495420176272906	-2.36197065714668e-05	0.853950912447698	0.000140692308975046	-0.0702721258517124
4.4	1.24130496906467	-2.32146502367847	1.99228858247938	0.538024752430167	-1.96790269821489e-05	0.850122285372415	-2.42528097138344e-05	-0.0834738693589509
4.45	1.34091937098784	-2.29350295549661	1.99228738827165	0.580419767721765	-3.3018902463228e-05	0.845533417554261	-0.000630322029553863	-0.100883555454308
4.5	1.44053367891158	-2.26342726173138	1.99228434393519	0.622561439611809	-0.000105025250543758	0.839943147749324	-0.00261913533637641	-0.12374265942421
4.55	1.54014768899595	-2.23125198155155	1.99227402380924	0.664392347605136	-0.000353510136694266	0.833046564888138	-0.00816274427430008	-0.153357768455912
4.6	1.6397607271446	-2.19699443372124	1.9922418954155	0.705838177006604	-0.00103313206068669	0.824472660288488	-0.0203813539680931	-0.191052740781978
4.61626514984395	1.67216468782838	-2.18540495029557	1.99222214899321	0.719222460669672	-0.00141071416984535	0.82125091487415	-0.0262021282815164	-0.205268371656099
4.65	1.73937101108932	-2.16067614381953	1.99215700378263	0.746804431242903	-0.00253465737322644	0.813785889931602	-0.0409666454916674	-0.238064156187074
4.7	1.83897471179502	-2.1223239314994	1.99196884417923	0.787173369548485	-0.00519412309623824	0.800493902184787	-0.0649591586125992	-0.29540408101204
4.75	1.93856521731361	-2.0819711383122	1.99162116350605	0.826801504098416	-0.00879584022806383	0.784062117844785	-0.0743239686965924	-0.363731478809858
4.8	2.03813382882826	-2.03965896001639	1.99109742867441	0.865517965763151	-0.0118455399488253	0.763933311844627	-0.0367825738459224	-0.443294445600138
4.85	2.13767359246783	-1.99543783564652	1.99049812758797	0.9031238602324	-0.0111769076248923	0.739546156317176	0.0768833341462853	-0.534052324896536
4.9	2.23718696321544	-1.94936884966152	1.99010252970634	0.939392272763529	-0.00328267784703953	0.710339663795728	0.237585539837662	-0.636154604899529
4.95	2.33669346793474	-1.90152514107496	1.99027252910532	0.974067666004921	0.0102175320740628	0.675719161954	0.245050937275991	-0.751058981793084
5	2.43622303838633	-1.85199341331071	1.99091524230646	1.0068617852193	0.00987636871324564	0.634941670033431	-0.44656630146087	-0.883726510009902
5.03592561801158	2.50774856776371	-1.81541857425833	1.99071937295367	1.02907890621152	-0.0297596530483528	0.601224020058108	-1.95627963437799	-0.996488149705333
5.05	2.53576285570629	-1.80087584320849	1.99010664867062	1.03744115068231	-0.0573177433557019	0.587005959951451	-1.95967327395547	-1.02334393588359
5.1	2.63515566482384	-1.74829177468086	1.98478733050112	1.06547882539937	-0.155519362365328	0.533899552581315	-1.96745961762742	-1.09582010066911
5.15	2.73415961975342	-1.69437357230745	1.97455021665783	1.09078171961583	-0.253994690796057	0.477807853157462	-1.97101429785324	-1.14498229266321
5.2	2.83252856782091	-1.63926128298305	1.95938627068257	1.11322490036847	-0.352562972311422	0.419621981220445	-1.97091547798253	-1.18075120979052
5.25	2.93001614240998	-1.5831002632975	1.9392967617059	1.13271790190951	-0.450945526727935	0.359869310650898	-1.96205679224206	-1.20824422769587
5.3	3.02637653815733	-1.52603982455955	1.91430678333949	1.14919146950506	-0.548392149779326	0.298892028403599	-1.93028784903611	-1.23002802187421
5.35	3.1213664871201	-1.46823235833702	1.88450059364784	1.16259088597093	-0.643213012526102	0.236940186902565	-1.85276733926333	-1.24737125418488
5.4	3.2147495462322	-1.40983270187181	1.85007719822358	1.17287266414113	-0.732494996933132	0.174218167437981	-1.70518821041806	-1.26090928139548
5.45	3.30630333372713	-1.35099762259701	1.81140841321912	1.18000289063694	-0.812332113500628	0.110907018561	-1.47443294546925	-1.27097719096745
5.45558608617921	3.31640930046447	-1.3444043312978	1.80684781051683	1.18060259195648	-0.820482892774377	0.103804646059352	-1.44365614488687	-1.2718956865919
5.5	3.39582910875703	-1.29188536336416	1.76906907979276	1.18395635701388	-0.87870351787765	0.0471751003728842	-1.17053848570603	-1.27776316818301
5.55	3.48316154737359	-1.23265522040461	1.72381117290534	1.18471607794356	-0.928769385488877	-0.0168162762077085	-0.830273639367557	-1.28136489520091
5.6	3.56817559413057	-1.17346713916569	1.67647386916763	1.18227304772944	-0.962027133786915	-0.0809084613836598	-0.507690820574066	-1.28178609744608
5.65	3.65078763411986	-1.11448131647882	1.62785275214278	1.17662624352729	-0.980698058617486	-0.144939506160368	-0.253811462591315	-1.27887493328698
5.7	3.73095009125429	-1.05585779344595	1.57857692049478	1.16778303538553	-0.989012661986821	-0.208733123423478	-0.0949446503719848	-1.27217461293422
5.75	3.80864118667886	-0.997756010240176	1.52904543600978	1.15576039051035	-0.991648145072562	-0.272076669499719	-0.0225016146292796	-1.26061855270633
5.8	3.88385358779828	-0.940334265616825	1.47944674876142	1.14058765860576	-0.992138679099952	-0.334677635258157	-0.00260330754598613	-1.24195016126711
5.85	3.95658571849378	-0.88374896860061	1.42983804850168	1.12231242927958	-0.992195183523248	-0.396080360313842	-0.000653509875067945	-1.21167136295793
5.87524655434684	3.99236799382876	-0.85554391134103	1.40478832899969	1.1119288167479	-0.992211927507399	-0.426403016706976	-0.00067870102907536	-1.18948621340038
5.9	4.02683736325403	-0.828153455861351	1.38022747545037	1.10101403087319	-0.99222656127854	-0.455295670184761	-0.000513707383711006	-1.14547741641986
5.95	4.09460844436692	-0.773695298116625	1.33061560136835	1.07685247016303	-0.992246806370295	-0.51047632498847	-0.000320473108553069	-1.0624775446161
6	4.15989890982706	-0.72051248016751	1.28100290492587	1.05003456281052	-0.992260317081533	-0.561557092312637	-0.000231468622685394	-0.980471639269989
6.05	4.22270872511843	-0.668732688458149	1.23138962010306	1.02076610634742	-0.99227073751417	-0.608473966750461	-0.000190434840380425	-0.895599912347694
6.1	4.2830378638618	-0.618473178731128	1.181775855088	0.989259392903324	-0.992279692867435	-0.651058173686866	-0.000169808371690066	-0.807255457106086
6.15	4.34088630353679	-0.569840380164387	1.13216166402919	0.955735003625845	-0.992287842111168	-0.689162759614687	-0.000156840820617836	-0.716738559103955
6.2	4.3962540237253	-0.52292954272185	1.08254708042252	0.92041874256154	-0.992295413512192	-0.722734162059297	-0.000146175402374997	-0.626361833814809
6.25	4.44914100548774	-0.477824610243273	1.03293213130861	0.883535984547745	-0.992302465482164	-0.751846309387128	-0.000135900812645759	-0.538824405650701
6.29490702251448	4.4945263511931	-0.438913589365717	0.988370648230811	0.849254819213976	-0.992308360811425	-0.774361335836727	-0.000126713378405242	-0.464799556267336
6.3	4.49954723119376	-0.434598406735887	0.983316842451581	0.845305021122808	-0.992309003537904	-0.776708043452998	-0.000125684347940629	-0.456760137004758
6.35	4.54747268449557	-0.393313155961694	0.933701239324494	0.805930542724538	-0.992315039564426	-0.797651324736117	-0.000115854196346757	-0.382415672262242
6.4	4.59291735029726	-0.354021306055519	0.884085346393146	0.765598066006492	-0.992320602447265	-0.815106141071565	-0.000106832059537948	-0.317438974380364
6.45	4.63588121468099	-0.316766597544109	0.834469186126118	0.724469837438756	-0.99232574320265	-0.829567365434667	-9.90346966843707e-05	-0.262765707318923
6.5	4.67636426478006	-0.281585292827311	0.784852777935441	0.682682501639396	-0.99233053289804	-0.841557940259817	-9.28596580398471e-05	-0.218581101838307
6.55	4.71436648860097	-0.248507475686502	0.735236137153936	0.640346638592785	-0.992335064604589	-0.851591217766969	-8.88230268230474e-05	-0.184314895125962
6.6	4.74988787478826	-0.217558326679983	0.685619273689993	0.597548197754048	-0.992339465402354	-0.860132405867346	-8.78239975940902e-05	-0.158594936189201
6.65	4.78292841230097	-0.188759277062121	0.636002189696218	0.554351969631095	-0.992343924960747	-0.867554296178524	-9.15467690655773e-05	-0.139040550356551
6.7	4.81348808992752	-0.162128928038947	0.586384875239098	0.51080764865456	-0.992348748400101	-0.87407506257494	-0.000103041923354472	-0.12171590423766
6.71456749068211	4.82192495203043	-0.154780548913877	0.571928832974861	0.498061843586252	-0.99235028805311	-0.875808762514533	-0.000108539259719439	-0.116232190020735
6.75	4.84156689561317	-0.137683512551979	0.536767314274263	0.466966964603038	-0.992352930743749	-0.879057280264232	2.57553490979836e-05	-0.0661185636974562
6.8	4.86716483174819	-0.115434940321617	0.487150808399876	0.422965895298359	-0.992258839714233	-0.880234416148186	0.00633469959129165	0.0242912379015741
6.85	4.89028230965285	-0.0953858316004037	0.437557092725996	0.379033452359648	-0.991159290489034	-0.876000540627006	0.0467148348637933	0.151850603857683
6.9	4.9109226433627	-0.077525184836364	0.388095714851172	0.335488926287829	-0.986348627680798	-0.864389443402821	0.160786106915098	0.318607647076827
6.95	4.9290987855694	-0.0618236011957677	0.339056728663382	0.292747152548827	-0.973456957477672	-0.843642870119994	0.371043493851847	0.514968802802066
7	4.94484395614751	-0.0482289839303579	0.290963263784075	0.25129566111446	-0.947820297585099	-0.812663948558612	0.66566299792641	0.725021096730632
7.05	4.95822293709208	-0.0366638328938783	0.2445428508844	0.211656026810156	-0.906182471106347	-0.771195492731089	1.00236981607221	0.93189862985096
7.1	4.96933998026027	-0.0270245882318016	0.200625744924984	0.174342540499658	-0.847789822474211	-0.719760489011114	1.32703081043694	1.1217691712114
7.13422795884974	4.97571957920465	-0.0214711212535176	0.172423898083583	0.150386889555268	-0.799001642887117	-0.679351782785084	1.51834409152922	1.23720757624951
7.15	4.97834068301715	-0.0191828927803493	0.160014113075361	0.139828056240891	-0.774440811811051	-0.659450711289981	1.59481849599568	1.28589518331538
7.2	4.98540767481003	-0.0129882648733845	0.123372826037522	0.108522195528593	-0.689636912216963	-0.591658899638251	1.78372655319035	1.42089209160085
7.25	4.99075212625244	-0.00827152844719545	0.0911747579386629	0.0807626646485413	-0.597351288203993	-0.517832793403428	1.8962048317763	1.52770038530285
7.3	4.9946040384552	-0.00484839555281045	0.063705141298006	0.0568172538644924	-0.500980191380417	-0.439299072747797	1.95098916157809	1.60992711474624
7.35	4.99720386017152	-0.0025227643516939	0.0411058431254648	0.036892501521573	-0.402826370116974	-0.357172912325343	1.97113944706164	1.67217447555891
7.4	4.9987967202024	-0.00108950378788331	0.02343103909158	0.0211449518954614	-0.304136955109758	-0.272340453582469	1.97476845436082	1.71887469025863
7.45	4.99962923435533	-0.000336673333588304	0.0106919757056885	0.00969219562614515	-0.205444796764994	-0.185476675498847	1.97258392539548	1.75413055602118
7.5	4.99994811345373	-4.72088293037756e-05	0.00288485949791936	0.00262343813299243	-0.106836898141825	-0.0970321809553914	1.97322361724524	1.78327260818686
7.55	4.99999998041236	-1.78341866316619e-08	1.51097853000474e-05	1.37572292813288e-05	-0.0077691491733098	-0.00707372965962666	1.99611003356275	1.81744899949275
7.55388842701737	5	-6.23193903030511e-18	-5.62429876976855e-18	-4.36497253543822e-18	-1.0772632785816e-15	-9.14683774685607e-16	1.99999999999991	1.82093229476842
